3.79 1.68 2.29 1.34 3.83 2.53 6.60 1.90 5.03 8.74 
2.52 2.28 2.07 4.37 5.58 2.90 4.16 3.99 2.88 6.96 
5.88 2.46 2.17 2.93 2.53 5.75 1.24 3.60 4.26 6.31 
3.09 3.98 7.48 2.44 3.76 3.97 3.60 2.08 2.25 4.58 
2.99 1.54 2.48 2.45 0.96 5.43 4.77 7.08 6.18 2.69 
2.48 3.00 3.63 0.74 2.11 2.82 5.07 3.70 2.83 4.08 
1.27 1.45 1.87 2.53 5.02 4.56 3.74 10.99 3.10 7.75 
5.97 4.52 2.15 1.36 5.54 4.32 3.42 3.59 3.65 5.04 
1.06 8.62 2.29 4.18 4.89 3.84 7.80 2.57 0.89 4.82 
2.31 6.54 5.14 4.09 3.36 7.22 1.70 9.31 2.30 2.91 
7.44 3.41 2.02 2.34 0.88 3.12 5.08 2.86 7.73 10.28 
4.76 12.10 6.66 6.06 4.65 3.20 2.78 4.80 3.71 1.99 
5.14 2.95 2.24 7.89 4.17 6.79 5.61 5.43 2.22 6.72 
6.19 1.62 2.50 2.76 5.81 12.13 5.39 5.78 5.47 7.21 
2.42 5.95 0.84 3.25 2.07 3.61 5.82 3.79 4.00 4.16 
2.75 2.85 6.73 4.20 4.15 2.41 3.76 5.09 4.70 4.81 
3.19 2.49 2.51 3.04 4.15 3.57 4.62 2.38 3.87 7.69 
1.49 1.91 5.34 2.29 3.50 3.54 5.34 1.92 2.29 5.16 
3.79 5.69 1.59 2.05 5.64 1.26 2.97 1.95 1.69 9.62 
2.22 5.24 2.53 2.08 6.11 4.93 4.73 2.41 3.18 4.11 
6.59 2.99 4.84 4.21 1.30 3.62 4.49 9.10 2.09 0.92 
6.71 4.10 2.05 4.29 5.33 5.47 1.53 5.56 2.60 1.38 
1.94 3.41 5.76 2.90 0.96 4.09 2.19 5.58 4.52 1.22 
3.23 2.25 1.69 5.92 3.66 2.83 2.29 3.52 3.79 2.87 
2.10 4.90 4.53 4.42 4.48 3.45 5.12 6.43 3.80 4.81 
3.28 4.37 2.14 1.99 1.48 4.76 3.08 3.92 3.75 6.14 
6.18 3.57 7.60 3.64 4.63 3.36 4.16 1.51 8.66 4.67 
5.51 2.99 3.46 5.08 2.68 2.54 4.32 3.78 3.51 5.88 
7.06 2.97 4.36 4.05 5.19 1.26 3.86 3.06 4.29 2.64 
5.20 4.09 3.05 2.80 1.94 4.03 2.96 2.68 2.00 9.32 
2.17 9.91 2.74 3.81 4.11 3.28 4.37 5.24 5.46 3.82 
4.06 5.50 2.16 5.80 0.61 1.09 2.39 1.35 0.82 1.05 
8.04 3.06 2.30 5.34 4.47 5.98 3.73 6.37 5.97 5.06 
2.55 5.69 3.56 3.10 4.05 3.38 6.90 4.29 4.89 6.09 
0.96 2.55 8.68 3.29 2.49 2.90 4.68 2.49 4.78 3.74 
3.99 2.89 3.95 4.98 2.03 2.42 2.65 3.04 5.80 4.62 
3.50 1.16 10.19 4.95 4.91 1.79 3.65 3.46 3.93 4.15 
2.97 2.68 8.01 5.02 3.94 2.90 3.84 5.66 6.25 1.09 
3.74 2.96 1.40 2.31 1.61 4.39 6.30 2.30 6.61 14.87 
5.02 2.18 2.89 4.51 5.17 5.76 5.98 8.97 2.89 9.56 
1.36 3.36 4.75 3.01 3.73 3.58 2.83 11.14 1.01 1.44 
5.49 1.35 4.36 1.36 4.33 3.95 4.24 4.71 1.45 4.44 
1.91 2.51 1.97 4.81 2.92 4.74 1.53 5.80 4.68 3.47 
3.29 2.43 5.10 1.43 2.65 1.78 6.41 2.63 1.06 6.92 
1.45 4.17 6.87 4.94 4.43 2.62 4.87 7.38 0.86 1.82 
4.55 3.10 6.57 3.08 3.57 2.11 1.03 4.37 3.38 3.62 
6.98 1.89 5.51 5.46 2.91 2.68 3.84 1.62 3.21 1.66 
3.68 4.72 6.01 2.01 2.26 5.04 2.20 1.88 6.64 4.27 
2.37 9.13 1.61 4.81 4.21 3.01 5.46 5.59 4.08 3.82 
4.05 2.60 3.30 6.80 3.78 3.87 3.04 3.43 2.25 2.03 
3.33 8.06 2.58 4.52 5.65 4.47 4.49 5.65 4.36 5.01 
12.38 5.54 2.08 3.84 6.43 2.33 5.18 2.10 5.36 3.36 
5.23 7.06 3.80 2.22 2.13 4.49 3.91 3.64 4.20 1.91 
2.05 4.33 6.27 9.12 5.56 4.75 3.93 2.32 7.34 2.79 
2.74 3.40 4.41 2.63 3.94 2.51 4.58 3.51 6.24 3.83 
5.74 2.81 1.84 3.04 1.44 7.67 3.78 3.71 5.61 0.63 
1.40 3.02 3.21 3.71 5.18 2.86 4.48 5.87 3.25 3.55 
2.05 4.91 7.38 3.78 4.36 3.41 3.82 6.59 4.62 7.31 
3.80 2.83 6.25 2.94 4.05 5.84 2.27 5.49 5.73 5.03 
2.09 3.84 5.16 3.83 5.58 5.95 4.47 2.14 3.39 4.67 
2.30 5.77 6.23 2.08 3.20 4.57 5.80 6.17 5.47 5.56 
1.22 4.94 6.23 5.78 4.34 1.36 5.08 3.08 2.07 3.21 
6.33 2.32 2.34 1.57 5.22 1.23 4.37 6.46 3.87 7.19 
6.37 2.46 5.17 3.23 4.01 5.19 5.80 1.48 6.27 4.51 
2.30 5.40 2.50 7.66 4.78 1.78 4.27 10.24 4.25 4.93 
2.85 3.10 2.09 1.00 3.68 5.99 5.21 4.39 2.18 3.95 
8.41 3.12 2.97 3.82 3.21 3.29 7.92 2.74 4.59 1.61 
4.69 3.47 10.83 4.05 3.90 8.32 3.13 1.92 3.11 6.66 
6.47 5.60 2.55 3.26 2.77 4.53 4.15 6.33 5.75 1.87 
3.63 5.34 5.43 5.01 3.71 2.96 4.77 7.55 2.07 4.61 
4.19 2.92 6.34 5.93 8.20 5.28 3.94 6.01 4.79 1.89 
3.61 7.42 3.12 5.16 3.80 4.36 1.54 3.86 3.55 4.19 
2.82 6.55 5.90 2.50 6.31 2.16 4.86 4.87 8.31 1.89 
1.44 5.31 2.89 2.61 4.38 4.31 2.41 3.20 2.08 1.89 
6.93 6.58 5.51 2.55 3.39 6.06 1.05 3.88 6.10 4.67 
2.61 3.58 4.02 3.43 8.83 3.86 4.10 6.09 2.89 5.15 
2.77 5.67 3.74 2.99 6.28 4.50 5.06 4.05 2.89 1.82 
5.07 1.50 2.09 2.33 2.85 1.70 4.63 3.33 5.34 3.34 
2.99 4.49 2.88 7.81 5.43 3.21 7.38 1.46 3.83 2.85 
2.99 3.13 3.33 6.15 1.48 5.52 2.02 1.27 4.38 1.41 
7.10 2.60 2.35 2.09 7.48 2.07 5.95 1.11 4.47 1.77 
1.68 2.26 4.23 2.94 5.94 4.41 3.57 1.73 4.04 3.89 
7.25 2.98 5.26 4.93 3.90 0.71 2.39 2.13 5.72 3.97 
3.25 3.52 2.19 5.56 1.07 2.23 5.44 4.50 5.24 7.16 
3.62 5.45 4.71 4.18 6.79 7.52 3.83 2.60 2.67 1.73 
2.90 2.43 5.62 5.16 5.34 6.55 5.13 4.30 2.17 2.93 
2.31 3.89 4.86 7.08 3.44 5.19 4.13 7.75 2.39 3.37 
4.48 3.53 1.80 4.18 5.39 1.59 2.12 5.67 1.89 2.35 
2.46 3.09 5.65 5.13 3.16 4.09 4.59 1.67 3.63 4.85 
1.60 7.61 2.57 2.87 3.10 1.97 3.73 3.16 1.48 5.36 
6.59 10.44 4.87 5.59 2.37 5.84 4.27 4.27 2.58 2.60 
2.98 4.76 1.77 5.10 2.73 4.27 1.79 4.61 2.25 2.12 
4.43 7.23 2.71 5.14 1.90 3.62 3.13 4.28 4.49 3.88 
6.62 5.94 3.86 3.25 3.53 4.04 1.25 7.51 2.85 3.48 
3.59 3.54 5.20 1.30 2.12 6.99 3.97 2.84 2.49 8.34 
2.30 6.61 8.88 3.94 6.04 4.36 2.98 3.18 7.20 3.41 
2.70 6.66 4.83 2.50 4.89 6.79 3.52 4.01 2.19 6.36 
5.49 5.70 3.97 1.35 2.44 2.35 3.76 3.28 5.33 2.63 
0.85 0.81 1.36 4.29 2.50 0.96 4.35 5.10 2.34 3.48 
4.72 5.05 3.56 4.94 4.39 5.65 4.23 5.27 1.28 3.32 
9.96 3.18 4.38 3.67 3.62 1.88 4.03 4.98 5.10 4.87 
1.44 6.07 1.85 3.10 5.61 6.78 2.18 1.77 4.67 6.31 
0.78 2.39 1.39 2.80 1.64 7.48 3.43 3.46 0.79 2.78 
1.01 7.97 4.98 5.39 3.23 3.96 2.76 2.26 3.82 5.54 
4.08 3.42 3.39 4.37 2.13 3.98 4.39 7.06 9.92 4.73 
2.16 5.36 1.09 4.03 3.58 6.22 5.15 5.48 1.02 3.11 
5.69 2.52 5.63 2.21 8.61 3.67 3.92 2.89 5.35 4.11 
3.42 4.30 1.81 5.70 2.29 6.42 9.26 4.56 6.64 3.89 
3.04 4.00 6.36 4.72 2.39 3.65 5.66 6.85 6.26 2.41 
3.54 3.40 1.65 3.40 1.79 2.11 3.68 4.85 5.27 1.04 
6.32 3.24 6.90 8.44 4.69 6.40 2.06 3.52 4.18 7.59 
0.34 4.30 5.21 5.31 6.53 5.02 2.01 1.74 4.13 2.70 
6.60 5.43 4.71 2.45 5.72 2.59 5.23 4.84 5.73 2.52 
3.45 6.91 1.54 9.42 6.81 3.46 1.88 2.71 4.29 8.16 
8.92 6.10 3.31 4.04 1.86 3.22 6.34 1.24 4.79 2.64 
5.05 5.46 6.30 1.97 5.53 8.16 1.69 2.40 3.86 2.42 
4.30 1.91 2.26 3.55 5.48 4.63 0.79 6.54 4.74 2.91 
3.96 4.05 3.77 8.63 2.41 2.28 1.75 3.58 4.35 4.50 
1.99 5.06 8.08 3.53 4.46 5.97 1.86 3.00 3.16 4.25 
2.62 4.00 3.78 3.69 2.90 0.44 6.56 6.35 5.53 3.72 
4.07 3.12 4.01 1.80 1.80 1.92 4.22 2.99 1.59 3.60 
7.77 6.28 2.32 4.59 6.30 3.90 4.88 7.75 7.32 4.63 
2.53 3.54 4.34 6.41 4.59 2.76 5.59 4.38 2.36 6.03 
1.31 11.74 2.90 9.83 6.67 1.82 5.23 6.08 3.16 5.95 
2.96 2.38 3.90 3.15 3.63 2.70 5.69 2.71 2.53 5.14 
7.73 3.58 2.63 7.96 4.46 5.12 4.94 5.94 3.72 5.76 
4.88 8.22 1.67 5.77 5.44 2.74 2.05 3.44 5.55 2.20 
6.45 3.95 3.86 3.38 5.59 2.85 1.40 2.09 5.13 2.99 
1.31 1.64 5.92 4.32 4.60 3.16 1.80 4.31 5.26 2.04 
3.36 3.74 6.30 1.50 3.35 2.27 3.44 6.82 3.40 2.60 
3.09 4.85 3.67 2.21 3.69 5.10 5.70 4.38 2.30 5.92 
4.91 6.29 3.41 3.78 3.46 2.40 1.01 1.72 1.21 7.57 
3.34 2.56 1.32 5.26 9.83 4.22 5.13 3.47 1.00 4.27 
5.60 3.74 2.18 2.44 1.12 8.65 7.69 5.80 5.20 2.64 
1.73 7.90 5.94 4.02 2.15 5.54 2.55 2.64 4.73 4.34 
4.25 4.91 3.66 4.47 2.01 4.26 7.86 4.08 1.13 2.74 
3.13 8.25 4.82 3.21 3.55 1.54 1.76 6.49 4.36 2.60 
7.39 6.14 3.09 1.52 10.22 0.49 3.05 2.07 2.07 1.94 
5.55 2.62 2.34 3.15 6.58 10.38 1.30 3.94 6.68 4.14 
2.62 5.19 5.11 5.20 2.43 6.86 2.22 3.13 2.15 3.70 
1.62 12.91 8.38 5.36 2.16 8.24 3.59 5.45 2.60 6.64 
5.77 3.14 2.14 2.14 3.23 4.18 4.60 2.58 3.16 7.17 
6.45 6.38 4.24 7.08 5.33 2.88 6.66 3.46 4.55 5.45 
7.00 2.24 4.97 5.00 5.24 5.80 3.45 7.42 3.09 3.21 
6.64 2.81 4.00 2.31 4.53 2.26 5.66 2.99 5.53 2.47 
2.96 2.75 3.86 3.32 3.48 3.56 1.90 5.67 5.21 3.15 
4.70 0.97 6.56 3.24 2.99 4.12 3.85 4.56 6.94 4.87 
2.73 4.77 5.44 1.27 1.05 3.73 4.32 3.82 5.66 1.88 
3.56 4.23 1.66 1.16 3.81 1.82 4.85 3.26 4.04 2.55 
5.19 1.65 3.91 2.30 8.62 3.20 2.97 6.58 3.78 3.98 
5.15 4.70 4.34 2.81 4.35 6.50 5.22 7.06 3.54 2.04 
3.81 5.47 4.21 2.93 4.71 4.93 3.49 7.06 1.69 5.36 
3.28 2.37 2.67 4.82 2.96 3.62 3.33 3.92 5.93 3.07 
6.43 7.39 2.00 5.74 4.97 3.77 4.09 1.30 3.04 2.82 
3.35 3.50 7.33 4.42 3.74 5.19 2.83 3.23 1.48 2.62 
7.08 3.49 2.78 1.17 4.96 3.43 2.09 3.90 1.43 3.52 
10.42 3.32 2.34 6.14 3.93 4.71 8.57 7.72 3.65 3.07 
5.28 8.13 1.93 5.99 2.89 3.02 4.38 7.06 1.14 9.64 
2.86 3.26 4.37 3.38 3.87 5.34 4.26 5.66 1.83 3.08 
2.19 5.19 2.84 1.96 3.91 0.78 2.06 3.15 6.02 4.09 
1.93 7.24 0.99 3.46 3.36 5.19 7.91 6.51 4.03 6.68 
1.63 2.90 4.78 7.19 1.24 8.69 3.79 11.40 4.51 4.22 
2.26 4.25 2.64 4.84 2.76 4.19 4.34 4.93 2.25 5.45 
6.51 6.54 2.49 3.31 4.88 2.61 3.04 5.08 0.92 5.55 
1.83 3.35 2.07 3.14 3.19 4.38 2.53 1.16 1.73 1.38 
3.42 2.97 3.76 1.37 6.12 4.75 5.38 1.93 4.69 2.79 
3.63 4.53 3.00 3.85 4.12 8.38 0.90 2.43 4.92 2.54 
3.36 3.75 3.73 2.08 1.96 4.42 6.16 6.40 4.76 5.23 
5.90 5.21 3.24 5.06 2.54 3.14 1.81 4.99 2.01 3.42 
1.64 4.15 6.98 2.84 6.11 3.67 3.72 2.05 5.62 3.94 
1.60 7.37 5.75 3.56 5.10 2.67 4.76 2.27 7.89 6.49 
6.58 1.51 1.76 3.06 5.68 3.82 2.55 3.28 7.97 4.71 
4.28 1.46 4.95 3.16 9.55 2.89 3.56 5.23 3.30 1.98 
1.57 6.21 4.45 4.23 3.49 4.52 3.77 3.80 3.86 9.39 
5.51 2.45 3.44 2.78 2.89 9.10 1.50 4.03 7.10 3.45 
2.55 2.62 2.17 2.06 3.68 4.23 2.92 6.03 2.21 9.57 
3.36 1.72 1.90 6.52 1.96 3.23 4.00 2.69 0.49 1.13 
1.91 8.97 2.38 4.59 5.42 5.78 2.85 2.97 3.41 3.75 
1.24 4.27 3.26 3.87 3.61 3.59 2.61 2.32 4.76 1.43 
1.25 4.34 4.52 4.80 4.48 2.19 3.17 6.10 2.35 1.40 
6.29 1.46 5.30 4.95 1.21 2.32 4.55 2.41 1.59 5.73 
8.81 4.92 4.46 0.84 2.45 2.12 4.45 7.94 5.98 1.75 
1.82 3.12 2.01 4.44 4.96 1.81 0.64 5.09 11.61 3.57 
3.15 5.28 4.22 4.06 7.45 3.15 1.50 4.83 4.12 5.78 
6.72 3.51 5.89 5.32 6.94 4.30 4.92 5.77 4.50 3.02 
2.38 4.31 1.93 4.81 2.68 6.82 1.95 7.60 4.51 7.18 
0.43 3.36 4.57 2.01 2.83 3.03 3.47 4.52 6.38 3.52 
3.01 3.54 4.15 4.97 6.56 8.11 3.61 4.99 1.46 1.69 
2.58 4.14 3.96 5.16 4.63 0.59 3.99 3.61 3.21 5.67 
1.56 3.11 8.91 3.95 3.22 1.53 4.73 4.81 6.41 8.02 
4.22 2.08 1.72 2.20 6.28 3.42 5.45 2.80 4.03 2.23 
2.30 4.97 5.72 5.46 3.56 4.22 1.19 3.65 2.11 7.02 
2.92 2.79 5.03 1.46 3.60 1.44 1.99 3.79 0.58 4.85 
2.64 1.14 1.35 1.60 5.27 1.08 2.25 1.79 5.68 2.16 
5.00 2.23 8.33 6.60 3.42 4.47 1.37 2.04 10.95 6.98 
2.55 4.34 5.03 4.34 3.54 3.75 5.37 2.16 3.05 10.87 
3.91 3.02 3.75 9.98 2.70 7.81 3.09 2.63 3.69 4.73 
1.77 7.57 5.11 3.16 2.26 7.43 2.30 1.99 10.48 3.01 
1.31 2.62 1.46 5.88 4.51 5.00 3.25 8.30 6.01 7.23 
5.10 3.90 6.54 1.03 2.43 10.84 3.25 4.25 1.67 5.55 
10.48 2.94 4.44 7.37 4.32 2.67 1.32 2.93 2.00 1.85 
0.84 6.25 2.44 1.06 4.18 8.30 2.74 4.31 3.99 4.79 
4.39 5.80 2.50 3.79 7.88 4.75 3.88 4.25 8.60 0.35 
3.95 6.53 5.66 3.99 4.64 4.94 1.57 4.11 4.29 3.18 
5.55 5.57 5.11 3.10 1.48 5.16 7.94 3.01 4.26 7.09 
4.04 1.91 5.19 5.90 8.68 2.49 4.17 3.80 7.30 3.69 
5.45 4.69 5.15 3.03 2.26 2.92 1.37 1.18 4.05 5.08 
3.67 6.25 5.46 1.31 1.84 2.64 4.99 3.67 5.81 4.35 
1.59 3.65 2.78 4.99 5.29 2.90 1.79 3.94 9.13 2.80 
2.06 3.52 3.50 3.23 2.50 3.64 4.20 6.99 3.08 4.98 
1.26 8.80 1.64 2.78 6.05 1.74 1.47 7.65 4.73 1.70 
1.37 4.30 4.85 3.21 2.87 2.15 3.34 5.43 4.43 6.47 
2.46 2.83 2.51 4.48 4.22 3.00 1.93 1.91 5.07 1.73 
5.55 5.02 7.93 2.62 7.59 2.45 1.54 7.65 2.63 1.00 
4.51 8.43 1.44 3.93 3.03 5.01 1.66 4.39 3.13 3.69 
3.05 4.49 3.01 5.50 2.37 4.06 9.88 2.41 4.61 1.33 
2.29 2.68 2.56 3.06 5.14 4.36 6.71 1.83 4.22 2.78 
5.59 3.98 3.55 3.20 3.41 3.52 2.09 6.47 6.42 0.88 
2.55 6.11 4.10 0.90 1.73 2.29 5.59 7.71 4.75 2.84 
2.56 8.38 5.95 6.43 3.52 1.28 3.58 3.55 2.04 6.89 
7.81 9.32 6.08 4.48 6.72 2.82 3.69 3.02 3.37 4.16 
5.27 1.00 3.28 1.94 2.19 7.55 3.35 4.33 0.43 5.14 
4.20 4.43 2.26 2.54 1.46 1.42 3.91 3.55 4.29 2.02 
0.64 3.54 4.13 0.87 4.77 6.51 5.58 5.88 4.59 1.57 
1.52 2.93 4.01 2.73 1.27 2.85 3.74 6.26 5.46 8.67 
4.46 3.70 2.09 1.95 3.64 2.62 1.89 4.65 5.19 6.20 
6.61 1.85 5.05 2.94 3.52 5.91 3.48 1.96 2.14 3.19 
1.86 5.81 2.13 2.33 2.28 6.53 2.73 5.65 2.57 3.64 
4.84 1.14 3.47 3.78 7.95 1.26 3.61 1.45 4.25 3.02 
8.68 5.40 3.15 4.11 4.29 3.01 2.40 3.39 4.76 3.33 
7.91 5.42 2.69 0.97 4.67 2.02 3.26 7.01 7.38 3.12 
5.41 3.19 4.27 6.63 9.61 3.96 5.61 3.33 4.32 5.51 
6.61 4.68 3.61 3.95 5.09 7.66 2.59 2.69 1.61 5.61 
4.95 2.74 1.26 4.38 5.15 3.62 4.93 2.76 6.48 3.22 
1.69 6.58 3.38 2.08 2.78 3.52 2.82 2.56 3.54 0.62 
5.13 3.16 3.40 3.42 8.93 3.12 3.39 4.62 1.75 3.69 
3.52 4.08 3.83 2.43 6.38 8.02 2.75 6.41 6.63 2.72 
3.14 4.53 3.77 3.84 4.51 5.65 1.90 5.26 5.59 3.60 
2.25 4.38 3.49 3.06 7.90 5.65 1.86 4.81 9.93 2.69 
3.76 5.62 3.37 10.98 2.28 4.21 4.60 1.95 5.11 1.63 
2.27 4.04 6.09 2.34 3.57 2.92 2.88 2.98 6.40 2.42 
6.38 2.09 4.41 3.58 4.09 0.99 1.57 3.50 4.94 5.10 
6.69 4.61 3.33 3.38 2.11 2.84 3.08 4.27 1.88 5.38 
2.86 6.61 7.81 4.87 1.48 10.37 3.67 2.82 1.63 2.84 
2.24 6.08 4.36 7.91 3.49 4.02 4.57 2.26 3.42 1.57 
2.13 6.26 2.99 3.31 4.45 7.69 3.51 4.42 1.16 3.05 
4.27 6.28 9.56 2.51 4.62 5.50 4.40 4.09 2.13 1.04 
1.69 3.05 2.36 1.82 2.64 1.74 2.20 3.48 2.44 1.82 
2.34 2.88 4.85 3.51 4.02 9.57 4.41 2.33 1.76 5.06 
4.18 6.65 4.94 4.63 4.45 7.39 2.32 2.74 3.32 4.86 
2.71 5.55 5.94 4.34 3.29 1.78 2.91 3.87 5.86 9.37 
4.18 1.67 1.73 4.84 3.77 4.12 3.62 4.45 4.85 3.50 
6.08 1.88 8.92 3.73 3.90 3.47 9.80 3.52 5.21 4.22 
6.41 2.66 3.01 6.04 7.62 1.44 1.75 5.91 1.64 2.98 
5.70 6.19 1.58 4.34 6.16 5.35 1.97 6.11 4.51 4.09 
4.88 1.77 2.79 2.42 1.33 2.98 3.56 5.25 1.17 6.07 
2.87 5.64 3.36 7.42 4.39 2.94 3.24 7.18 1.16 1.58 
1.78 7.81 2.46 2.28 5.17 1.97 2.38 5.34 1.28 2.33 
7.15 2.00 7.40 5.28 1.30 2.61 1.75 0.98 4.98 1.70 
2.37 3.25 3.09 8.24 5.64 2.56 2.32 6.40 0.61 3.86 
3.06 2.07 2.98 2.42 4.34 3.04 3.15 2.59 5.62 7.55 
0.73 2.49 2.71 6.62 3.04 3.69 5.55 5.96 7.03 2.92 
5.25 2.51 1.79 3.71 5.39 1.18 4.98 2.11 3.44 3.32 
2.52 1.94 4.72 2.55 9.62 3.03 2.81 7.94 4.49 3.28 
4.24 2.20 2.44 3.20 7.41 5.88 3.71 1.97 4.75 3.75 
5.12 3.61 3.42 2.81 5.41 2.88 3.97 4.14 3.02 4.02 
5.27 2.51 0.91 6.29 1.23 2.96 2.32 1.48 3.66 7.12 
9.09 6.01 3.33 4.95 2.47 4.41 2.62 3.54 3.05 4.01 
2.14 3.65 5.18 1.47 4.37 5.35 2.27 2.26 2.96 4.99 
4.63 2.98 1.53 3.16 8.04 2.59 4.75 5.73 4.48 1.87 
3.76 1.67 5.32 6.44 6.08 2.16 2.70 4.19 0.59 2.60 
7.02 4.95 4.69 3.90 5.17 2.86 4.92 4.90 5.71 4.74 
3.17 9.55 0.70 3.62 3.22 1.51 3.94 1.90 2.51 2.03 
4.42 4.48 6.18 2.08 4.01 4.36 2.42 5.37 2.95 6.75 
2.32 6.52 3.42 3.31 4.25 4.49 5.90 8.09 5.10 2.06 
4.78 6.30 4.81 2.17 1.39 2.00 2.72 1.58 4.95 2.03 
6.47 2.86 2.17 4.05 3.16 3.96 2.44 3.37 3.97 5.80 
4.24 2.58 3.00 2.20 4.10 7.30 3.21 4.19 3.51 2.84 
7.21 4.14 5.65 4.73 4.96 8.16 2.25 4.29 3.80 1.31 
5.19 9.15 1.04 4.89 3.04 6.97 5.72 4.36 3.49 2.34 
1.46 6.09 1.38 2.53 4.59 1.87 5.15 9.54 3.95 1.18 
3.23 2.38 3.94 3.34 8.55 3.07 5.12 4.43 4.65 7.36 
3.01 1.32 3.86 4.62 4.81 2.04 4.59 3.75 4.28 5.96 
5.82 4.40 4.24 8.43 2.36 2.52 4.41 5.52 5.63 4.97 
4.58 4.78 8.96 1.74 2.72 6.64 3.51 7.47 6.25 3.43 
6.28 3.82 5.06 2.23 0.64 2.91 5.47 9.80 11.83 5.21 
3.67 4.13 1.27 2.48 4.57 3.33 2.13 1.37 2.91 3.94 
2.50 7.95 2.08 4.49 3.78 4.22 3.67 5.57 5.92 7.89 
2.54 2.32 6.70 3.36 2.24 2.42 1.76 2.82 3.95 1.48 
1.29 6.01 5.44 3.75 3.90 5.20 1.89 5.95 1.89 2.52 
3.70 7.76 2.92 4.38 2.62 5.36 5.11 2.26 3.22 4.14 
2.22 1.94 1.25 2.22 3.44 3.51 7.03 3.22 5.25 3.19 
7.12 2.23 1.92 3.80 8.20 3.39 7.75 4.30 1.46 3.96 
2.27 9.16 0.86 8.06 9.65 4.17 8.06 4.18 3.62 3.98 
4.78 2.59 5.28 4.10 1.76 5.25 3.64 2.55 7.05 3.32 
2.03 5.39 6.28 2.82 3.27 3.83 3.26 1.33 6.77 4.08 
3.21 3.30 4.73 1.62 3.39 6.89 3.26 4.39 3.33 6.10 
0.99 3.07 4.19 4.55 3.19 2.41 3.91 8.32 0.83 2.26 
3.61 0.71 5.69 6.67 8.37 9.73 3.51 8.95 2.85 2.67 
3.31 4.72 5.93 4.18 7.16 4.02 3.20 4.51 4.47 3.52 
3.67 1.61 3.60 3.15 4.82 3.12 4.64 5.69 7.31 4.87 
3.54 4.54 2.71 4.52 1.13 2.02 5.69 5.75 10.28 2.37 
4.82 3.61 6.81 1.07 3.66 3.36 5.20 3.54 1.64 7.15 
4.59 4.35 5.62 2.94 5.79 3.27 4.01 7.52 7.20 3.95 
2.12 5.34 3.57 5.69 4.56 1.50 3.80 2.90 9.29 4.22 
2.74 4.03 1.84 6.37 1.22 2.78 3.19 3.50 2.39 2.57 
2.85 2.40 1.91 3.93 2.12 1.00 2.31 3.90 2.70 2.33 
2.52 6.86 2.51 2.24 2.13 1.55 2.10 6.35 2.60 4.33 
4.72 2.32 6.69 1.57 3.39 6.48 3.87 2.95 7.30 3.43 
4.15 8.94 3.07 1.21 1.59 3.49 1.44 11.84 6.89 5.20 
4.89 3.44 4.61 1.72 2.46 2.31 3.57 5.99 3.20 2.63 
4.56 8.62 3.46 1.93 4.79 3.49 2.64 6.17 7.42 4.43 
4.99 0.90 4.70 3.21 2.16 6.52 4.76 8.39 3.49 2.06 
2.79 2.08 2.14 2.46 1.54 2.86 1.14 4.48 4.14 4.32 
5.22 3.59 3.64 2.60 6.02 1.82 4.65 9.66 5.78 2.37 
3.31 7.56 3.51 4.92 1.76 4.04 2.44 6.87 2.17 7.29 
1.20 4.28 5.59 2.33 1.35 4.28 5.73 10.05 3.63 5.10 
4.56 5.08 11.62 3.87 4.22 0.69 3.18 2.91 1.93 5.55 
4.13 4.59 3.16 2.81 2.63 3.64 4.67 4.78 1.65 5.01 
8.66 4.91 1.78 4.51 3.82 4.53 2.19 4.49 2.37 2.76 
1.92 4.95 4.43 1.66 3.45 5.18 2.80 3.60 1.64 3.83 
1.64 4.12 1.05 4.87 1.26 2.64 6.99 2.25 2.78 6.73 
7.57 3.29 6.05 4.50 3.84 1.25 3.84 8.74 2.86 2.56 
3.83 4.76 4.02 2.59 5.27 6.61 8.02 1.98 3.27 4.00 
3.12 8.44 2.54 1.17 4.68 4.95 3.23 1.26 1.66 7.40 
5.60 4.22 1.26 2.72 8.18 3.76 4.12 4.28 4.12 6.19 
0.98 3.62 3.58 3.32 4.50 1.50 2.45 5.05 3.71 3.54 
2.96 3.52 1.87 3.06 6.62 6.88 5.65 5.21 2.58 5.12 
3.12 9.12 7.87 2.99 2.78 1.91 3.58 4.70 3.48 2.45 
5.67 3.86 0.73 1.40 10.27 1.61 2.50 3.13 4.54 5.60 
3.86 5.50 6.40 4.44 4.21 2.27 6.12 5.20 2.94 3.28 
3.43 4.34 1.26 3.49 8.05 5.37 2.46 7.05 3.17 3.50 
2.20 6.41 3.20 1.30 1.23 3.57 6.12 2.26 5.58 4.03 
2.75 3.28 5.59 6.52 2.26 2.21 7.33 6.86 1.67 1.66 
4.07 3.51 4.86 2.09 3.32 3.57 6.47 2.15 2.59 3.31 
5.01 4.12 7.53 4.79 4.03 1.85 4.26 3.63 1.68 4.43 
5.45 2.38 8.12 3.38 2.06 7.37 3.40 4.26 4.60 3.01 
0.82 5.41 4.37 1.14 4.48 4.10 3.50 3.40 4.54 6.69 
1.80 3.46 1.30 8.09 3.24 1.80 0.67 2.55 3.05 3.37 
9.53 7.20 3.61 2.83 4.01 2.92 8.29 5.38 2.10 5.46 
3.19 4.07 4.42 5.86 7.87 3.72 7.93 3.79 2.44 4.64 
1.58 7.71 4.63 5.30 7.37 4.25 1.30 3.13 4.49 4.77 
3.25 4.90 4.72 4.16 5.20 2.96 1.86 5.01 2.86 3.49 
2.00 4.64 1.14 4.08 5.49 5.80 2.38 5.71 5.22 7.11 
3.76 3.53 2.32 5.49 5.49 5.02 7.61 2.32 3.53 1.80 
1.93 2.14 1.33 4.45 2.91 2.22 4.62 4.38 4.86 4.67 
2.83 6.13 7.21 1.42 4.40 2.21 7.73 5.98 8.61 2.20 
6.20 11.05 2.29 3.65 3.38 6.11 4.80 8.39 2.09 3.17 
6.15 2.43 4.12 7.90 5.22 3.36 4.69 3.72 1.01 3.45 
6.59 7.03 1.88 6.15 5.73 2.37 6.38 2.02 3.52 4.62 
2.12 8.51 3.51 3.02 4.14 3.46 2.07 4.45 7.46 5.52 
2.27 5.00 2.86 6.37 4.42 3.43 4.29 7.70 7.66 3.48 
7.80 1.61 2.24 1.80 1.90 2.82 2.45 2.16 4.48 1.58 
2.08 4.67 2.02 8.51 3.14 1.77 6.20 3.87 2.54 1.70 
4.43 6.97 2.69 0.98 8.11 4.29 1.46 1.34 1.88 2.98 
4.34 2.79 2.92 3.37 4.90 6.94 8.82 5.37 2.79 1.61 
4.10 5.38 4.28 1.83 3.32 7.87 3.25 5.25 4.42 6.84 
5.99 2.71 2.81 1.69 3.60 3.59 4.32 1.84 5.45 3.01 
3.10 7.04 4.98 3.36 1.16 7.12 2.72 2.84 3.24 2.50 
2.89 2.25 1.86 3.61 2.57 2.78 2.30 2.68 2.19 2.35 
4.72 2.51 1.90 2.86 5.86 3.32 5.55 6.83 3.53 3.34 
1.67 2.90 6.37 4.88 3.88 5.02 3.12 4.30 5.26 1.52 
5.88 0.89 2.05 4.01 1.32 4.61 3.84 6.92 3.50 2.56 
2.40 0.79 3.40 2.21 6.84 6.25 4.89 3.64 4.99 6.14 
1.86 5.90 3.63 3.76 5.74 2.07 2.88 5.67 4.48 4.89 
4.07 4.85 3.17 3.63 2.44 4.54 2.70 1.88 2.13 3.18 
1.25 4.47 2.32 3.40 2.52 2.13 2.32 1.77 2.11 1.36 
3.20 6.07 2.19 2.69 2.08 9.29 3.05 6.21 3.74 2.50 
5.08 5.43 1.45 3.27 8.39 5.40 2.01 5.30 5.69 2.44 
3.46 5.73 3.28 2.09 4.39 4.49 2.89 4.20 2.52 2.18 
4.29 3.88 2.47 1.94 1.44 3.48 2.57 1.39 4.45 3.62 
2.64 5.18 6.72 1.45 3.20 2.89 3.40 6.63 3.36 1.35 
1.87 3.06 3.25 4.17 4.76 4.34 3.71 5.20 9.80 2.18 
6.06 4.89 5.76 1.97 6.85 2.09 4.45 4.74 2.81 3.86 
4.73 0.55 3.85 3.93 7.79 4.16 2.09 2.87 4.71 5.74 
5.93 2.27 3.79 4.73 1.55 4.87 2.77 2.06 1.56 2.39 
4.93 4.89 4.23 3.68 6.66 5.86 7.02 6.76 4.19 2.98 
3.09 5.41 5.42 1.97 4.86 2.51 2.00 4.17 3.42 6.71 
2.91 5.01 5.06 2.86 2.66 5.60 2.35 7.45 6.79 6.09 
4.03 2.80 3.61 2.63 2.09 3.07 1.56 2.51 5.04 3.06 
3.01 2.32 3.76 2.39 2.77 4.90 2.60 0.89 2.93 6.10 
5.90 4.18 3.48 4.46 1.08 8.17 4.61 6.66 5.88 2.01 
4.95 4.11 6.75 3.38 2.26 2.34 9.40 3.39 5.87 4.40 
4.67 5.86 2.99 5.31 2.98 5.69 7.06 5.96 4.19 3.60 
4.27 1.40 4.09 5.17 7.32 5.85 7.54 2.24 3.32 0.53 
2.60 6.09 3.92 2.90 9.13 1.91 1.67 4.11 3.26 2.46 
2.88 1.78 5.82 7.43 0.96 2.89 4.88 5.92 5.71 6.04 
4.04 1.82 8.57 2.97 4.84 3.52 3.68 6.85 8.40 4.10 
8.66 4.63 2.25 4.59 4.02 6.55 3.16 2.96 4.87 1.77 
5.07 5.23 1.85 2.76 4.05 2.91 5.20 7.48 5.73 2.77 
3.48 2.83 2.74 1.41 4.70 8.85 3.58 6.82 1.87 1.53 
6.25 2.24 3.45 5.77 1.16 2.42 1.45 5.83 1.20 4.36 
2.41 5.05 2.60 2.16 3.63 3.98 3.54 1.30 4.62 6.03 
3.60 3.30 1.04 1.02 4.85 2.44 5.28 4.55 9.22 2.03 
4.35 4.64 1.39 8.13 5.12 3.29 1.96 2.24 4.19 3.98 
2.55 3.73 1.46 1.32 3.63 2.74 3.34 2.79 2.63 3.05 
3.26 2.13 2.97 6.85 2.54 4.27 5.93 4.28 4.68 5.50 
3.60 4.46 3.28 2.72 5.68 3.93 7.47 3.97 4.75 2.76 
4.12 3.71 8.13 0.84 2.51 6.89 3.85 0.86 1.13 4.25 
9.64 6.52 5.47 7.26 0.81 3.59 2.32 3.87 2.73 3.25 
1.11 4.48 4.48 4.60 4.45 2.55 3.99 4.17 6.67 4.69 
4.75 1.98 1.92 2.93 3.63 5.25 0.54 3.87 2.99 2.90 
1.17 2.55 7.27 5.63 1.45 5.32 3.52 2.14 4.35 7.16 
4.39 3.71 2.43 1.01 2.65 1.41 2.70 4.77 3.44 7.66 
2.87 4.44 5.32 1.74 1.98 3.61 3.81 3.07 3.73 4.93 
10.75 5.60 4.25 2.31 4.80 2.39 2.13 0.83 10.85 3.07 
2.68 3.76 2.83 1.66 1.55 4.43 4.00 6.13 2.86 2.47 
3.78 3.54 0.88 5.25 5.03 1.64 3.20 6.72 6.40 3.01 
3.28 4.94 4.76 1.83 1.68 3.20 4.20 3.64 3.46 7.11 
0.56 3.37 1.14 2.75 3.24 3.70 5.87 2.01 5.74 1.98 
8.60 4.90 1.42 3.16 3.91 2.45 3.27 2.56 2.08 4.15 
3.04 3.94 4.99 4.67 4.76 4.23 2.43 2.18 4.29 8.06 
2.00 4.43 3.56 2.31 5.23 2.63 2.37 3.57 3.33 0.42 
6.55 4.77 4.47 2.91 3.47 2.56 5.10 4.25 1.39 8.59 
4.14 2.73 4.83 6.95 1.36 5.38 5.60 3.76 3.67 4.58 
3.95 7.88 3.61 8.51 3.32 6.79 2.47 3.42 1.78 4.82 
2.98 3.38 3.72 5.30 4.49 1.16 2.48 3.44 8.81 6.81 
5.83 3.67 4.23 3.18 3.09 3.49 7.63 4.18 4.03 8.60 
3.83 4.64 5.02 4.32 3.32 3.61 1.75 3.54 2.09 3.06 
4.40 1.71 2.95 1.17 0.90 7.36 3.71 2.23 3.52 3.54 
3.49 3.68 2.31 3.52 1.99 3.15 4.98 3.91 1.64 8.81 
3.06 2.65 1.92 5.12 1.73 2.69 1.67 6.00 5.56 2.37 
1.83 3.24 3.66 5.95 4.30 2.59 2.27 2.75 3.85 2.63 
5.96 2.09 4.76 3.94 6.28 3.98 2.09 3.81 3.36 3.44 
4.15 5.09 3.33 5.33 3.64 5.07 3.83 2.87 7.71 6.08 
3.51 5.20 3.84 3.30 5.93 1.58 3.39 1.24 1.31 3.56 
4.56 2.04 6.94 4.56 2.48 2.38 2.35 3.23 1.86 4.83 
1.52 2.20 4.32 6.08 5.29 5.09 0.89 4.31 1.40 4.54 
4.38 2.55 5.56 5.14 4.00 1.12 1.78 7.10 4.14 6.64 
3.43 3.30 9.84 2.14 7.84 1.79 1.55 2.88 2.82 1.99 
5.77 2.91 2.03 5.19 5.97 0.78 5.94 1.73 3.99 1.47 
6.95 5.68 2.80 1.55 3.50 4.73 2.43 2.22 3.71 4.45 
1.13 2.11 2.30 2.39 5.56 3.28 2.29 1.96 7.40 3.12 
6.11 3.10 5.06 2.56 2.88 4.13 8.93 2.69 5.28 6.22 
2.41 2.57 2.82 3.93 5.64 4.99 2.71 2.42 1.45 2.45 
2.61 2.69 10.03 9.23 2.03 3.27 4.22 2.15 3.49 3.45 
2.52 4.53 1.43 3.53 3.16 5.75 3.58 4.40 4.48 3.02 
4.63 3.33 2.10 3.67 5.35 2.69 3.09 2.63 3.93 4.62 
5.94 6.81 3.49 2.36 1.99 2.67 7.20 8.34 2.32 2.96 
4.51 5.10 2.79 3.97 3.42 4.75 4.45 2.80 2.36 2.58 
4.04 2.43 3.49 4.96 3.19 2.83 5.88 7.75 3.70 3.41 
5.12 3.04 2.88 5.51 5.03 2.24 5.32 6.73 8.00 3.98 
6.66 8.51 3.53 4.04 5.51 1.78 2.42 3.99 3.01 1.77 
4.59 7.58 2.53 1.31 2.48 7.07 3.29 3.70 5.10 0.82 
4.65 8.06 1.75 2.46 2.74 4.14 4.65 0.89 3.55 3.83 
3.32 4.05 2.93 2.37 2.08 5.14 2.36 3.03 8.08 1.72 
5.31 6.37 11.45 4.19 6.50 2.03 2.46 5.52 3.83 5.46 
4.66 4.45 3.83 2.46 3.48 4.44 2.96 9.45 4.57 5.61 
1.62 2.86 1.42 3.16 6.10 3.56 2.27 3.53 3.96 6.46 
5.07 6.18 4.81 4.36 3.63 4.29 1.65 2.86 3.14 3.25 
2.85 5.05 5.34 3.45 3.57 5.31 6.86 2.23 2.95 3.38 
3.90 1.09 2.43 1.73 2.53 3.45 1.40 5.46 4.36 3.53 
4.08 2.56 3.03 3.45 2.82 3.16 4.60 3.48 4.14 5.65 
4.20 3.59 3.86 3.09 6.34 5.75 3.45 5.77 2.94 5.14 
1.45 2.84 4.93 1.85 2.09 5.02 3.25 7.11 6.34 5.74 
3.55 2.15 2.96 7.18 7.25 3.53 8.10 2.56 4.26 2.25 
1.99 1.23 1.99 7.10 5.63 3.68 3.87 7.12 3.93 4.82 
3.17 1.76 11.16 1.44 2.11 5.74 6.33 4.16 7.01 2.58 
3.40 2.74 3.87 1.11 2.73 3.79 1.62 4.21 7.72 2.37 
1.68 2.09 3.39 5.59 4.23 2.29 2.22 1.52 4.48 3.92 
2.06 1.68 6.15 3.11 2.24 3.59 3.51 1.75 1.64 4.87 
2.13 3.43 4.22 1.33 1.81 6.66 3.56 4.89 4.56 2.19 
3.62 3.95 6.01 4.12 3.72 4.21 3.13 5.55 3.24 5.26 
5.73 2.02 4.70 4.38 3.52 1.44 6.26 3.70 2.92 5.99 
5.27 2.08 7.20 6.56 3.90 2.76 0.86 6.85 5.23 1.45 
2.07 1.60 2.44 3.60 4.84 3.13 2.09 1.31 1.87 3.12 
4.86 3.07 1.99 2.87 4.96 1.56 4.52 7.03 4.56 3.25 
2.34 5.13 1.36 2.27 1.76 3.49 3.44 4.42 9.74 4.39 
3.27 3.84 1.15 2.88 2.91 8.58 5.41 1.20 4.53 2.19 
2.04 2.51 3.38 3.46 3.51 1.76 1.18 5.51 2.70 8.05 
1.37 2.22 5.22 3.44 1.55 5.80 2.82 1.05 3.89 5.52 
7.72 1.76 3.69 3.99 4.16 2.59 2.83 7.37 6.08 7.87 
4.22 3.65 0.87 6.07 4.82 2.25 1.18 4.09 3.85 8.47 
8.17 0.65 4.36 2.99 6.26 5.38 3.05 6.94 4.91 2.42 
4.26 6.62 2.28 2.19 1.63 4.21 2.85 1.70 6.74 5.63 
0.95 1.26 2.84 2.02 4.17 3.64 2.09 3.68 2.73 4.10 
4.90 4.25 4.69 3.68 2.49 3.86 0.93 2.49 2.82 2.53 
7.90 6.12 4.29 3.98 4.20 3.82 1.09 3.50 4.74 5.02 
4.70 4.98 6.72 5.45 2.28 2.36 3.11 2.04 3.72 10.62 
2.94 2.52 5.47 4.14 2.15 3.18 2.48 6.02 5.54 2.58 
2.11 2.72 6.84 4.61 3.57 4.15 5.00 2.71 4.67 2.29 
2.61 3.20 2.30 2.30 0.52 2.30 1.72 5.24 4.92 4.65 
4.69 2.66 8.61 1.06 4.15 2.24 2.71 8.06 9.43 3.77 
2.35 7.18 1.15 3.15 1.34 6.72 5.74 3.70 4.83 3.31 
1.88 4.67 4.12 3.21 1.71 9.13 2.28 2.88 6.65 3.67 
2.38 5.68 7.32 2.97 4.68 4.27 4.01 6.09 5.94 6.24 
11.91 4.44 3.04 4.03 5.10 1.86 3.67 2.24 4.50 3.82 
4.49 4.84 6.83 3.65 6.27 5.23 5.16 3.47 3.95 10.13 
3.15 3.04 4.72 4.70 2.74 4.10 7.24 3.97 6.79 2.62 
2.22 4.45 5.09 3.68 6.34 2.63 3.96 3.50 1.70 3.01 
4.11 3.34 1.62 4.69 2.33 1.67 5.69 3.35 4.92 2.63 
1.39 2.97 4.45 2.44 3.46 3.34 4.63 2.67 9.67 1.77 
6.25 1.46 4.11 3.71 7.50 6.45 5.21 1.26 2.62 2.65 
4.42 4.69 3.18 3.61 2.06 3.40 6.46 2.38 4.59 6.23 
3.43 3.50 5.83 4.41 1.81 3.89 3.57 3.40 3.60 4.15 
3.06 5.31 2.30 3.47 2.03 9.97 1.82 2.77 2.86 1.76 
1.91 2.27 3.38 4.59 3.12 2.36 10.42 2.07 2.39 8.61 
2.53 3.61 3.94 2.20 5.15 3.18 7.21 5.59 2.58 3.53 
2.35 5.02 5.88 6.46 1.71 3.80 1.81 2.16 3.76 1.52 
4.19 1.93 2.38 3.73 3.03 7.39 6.26 0.89 2.40 7.17 
